246 246 247 246 248 247 246 243 246 246 247 248 247 246 247 246
246 247 248 249 248 248 246 248 248 247 248 248 248 247 247 246
246 248 247 248 251 249 247 248 250 251 251 248 249 247 247 247
246 248 247 247 248 248 248 248 248 251 251 251 248 246 247 247
248 246 246 246 248 247 248 251 246 251 251 248 248 247 247 247
247 250  68 179 172 151 153 179 194 214 217 229 161 228 248 246
243 252 168   4 125 194 204 185 235 222 216 226 228 188 244 246
246 249 202 190 156 132 127 200 224 221 226 222 225 215 247 246
244 243 219 193  26  95  84 126  33 113 144  66 155 106 207 247
244 236  28 206  81 128  99 159 152  75 241  70  69 243 143 246
243 239  44 221 166 209 134  55  39  48  38  42  46  43  41 244
119 106  36  32  31  32  35  35  34  36  36  37  38  42 180 185
 99  75  17  30  30  31  31  31  28  35  96  61  42  44 169 174
 87  71  27  35  40  37  87  92  87  98 116 141 156 157 159 168
138 139 133 127 120 127 132 156 170 162 168 172 179 178 182 186
173 171 182 168 163 168 170 180 194 191 198 188 190 186 200 203
246 246 247 246 248 247 246 243 246 246 247 248 247 246 247 246
246 247 248 249 248 248 246 248 248 247 248 248 248 247 247 246
246 248 247 248 251 249 247 248 250 251 251 248 249 247 247 247
246 248 247 247 248 248 248 248 248 251 251 251 248 246 247 247
248 246 246 246 248 247 248 251 246 251 251 248 248 247 247 247
247 250  68 179 172 151 153 179 194 214 217 229 161 228 248 246
243 252 168   4 125 194 204 185 235 222 216 226 228 188 244 246
246 249 202 190 156 132 127 200 224 221 226 222 225 215 247 246
244 243 219 193  26  95  84 126  33 113 144  66 155 106 207 247
244 236  28 206  81 128  99 159 152  75 241  70  69 243 143 246
243 239  44 221 166 209 134  55  39  48  38  42  46  43  41 244
119 106  36  32  31  32  35  35  34  36  36  37  38  42 180 185
 99  75  17  30  30  31  31  31  28  35  96  61  42  44 169 174
 87  71  27  35  40  37  87  92  87  98 116 141 156 157 159 168
138 139 133 127 120 127 132 156 170 162 168 172 179 178 182 186
173 171 182 168 163 168 170 180 194 191 198 188 190 186 200 203
246 246 247 246 248 247 246 243 246 246 247 248 247 246 247 246
246 247 248 249 248 248 246 248 248 247 248 248 248 247 247 246
246 248 247 248 251 249 247 248 250 251 251 248 249 247 247 247
246 248 247 247 248 248 248 248 248 251 251 251 248 246 247 247
248 246 246 246 248 247 248 251 246 251 251 248 248 247 247 247
247 250  68 179 172 151 153 179 194 214 217 229 161 228 248 246
243 252 168   4 125 194 204 185 235 222 216 226 228 188 244 246
246 249 202 190 156 132 127 200 224 221 226 222 225 215 247 246
244 243 219 193  26  95  84 126  33 113 144  66 155 106 207 247
244 236  28 206  81 128  99 159 152  75 241  70  69 243 143 246
243 239  44 221 166 209 134  55  39  48  38  42  46  43  41 244
119 106  36  32  31  32  35  35  34  36  36  37  38  42 180 185
 99  75  17  30  30  31  31  31  28  35  96  61  42  44 169 174
 87  71  27  35  40  37  87  92  87  98 116 141 156 157 159 168
138 139 133 127 120 127 132 156 170 162 168 172 179 178 182 186
173 171 182 168 163 168 170 180 194 191 198 188 190 186 200 203

244 245 245 246 246 245 244 244 244 240 226 183 171 171 189 200
245 247 246 247 247 246 243 231 220 167  91 115 142 160 179 194
246 247 247 247 230 205 201 191 151 149  58  43  68 139 174 187
245 248 248 248 224 156 187 180 120 133  63  39  60 131 173 186
247 248 248 250 233 187 204 174 106 113  72  37  54 117 167 186
246 247 249 250 234 184 196 182 127 135  85  37  47 106 162 193
246 247 248 250 237 192 199 191 110 114  94  36  41  97 159 191
246 247 248 248 233 180 197 182 112 119  87  34  37  92 157 184
244 246 247 247 233 174 179 195 130 126 110  34  35  83 152 179
245 246 246 247 234 172 181 176 109  99  90  34  33  70 139 167
246 246 248 247 237 171 167 181 130 120 119  33  32  59 125 160
247 248 249 246 239 174 156 168 106  96  96  35  31  52 116 158
246 247 247 247 241 157 130 164 166 164 128  36  29  45 113 161
246 247 247 246 241 138 139 145 131 109  66  37  33  44 117 162
245 247 247 246 245 228 203 171 145 168 191 131  79  71 128 165
245 245 245 245 246 245 244 245 244 243 233 151 103  92 136 167
244 245 245 246 246 245 244 244 244 240 226 183 171 171 189 200
245 247 246 247 247 246 243 231 220 167  91 115 142 160 179 194
246 247 247 247 230 205 201 191 151 149  58  43  68 139 174 187
245 248 248 248 224 156 187 180 120 133  63  39  60 131 173 186
247 248 248 250 233 187 204 174 106 113  72  37  54 117 167 186
246 247 249 250 234 184 196 182 127 135  85  37  47 106 162 193
246 247 248 250 237 192 199 191 110 114  94  36  41  97 159 191
246 247 248 248 233 180 197 182 112 119  87  34  37  92 157 184
244 246 247 247 233 174 179 195 130 126 110  34  35  83 152 179
245 246 246 247 234 172 181 176 109  99  90  34  33  70 139 167
246 246 248 247 237 171 167 181 130 120 119  33  32  59 125 160
247 248 249 246 239 174 156 168 106  96  96  35  31  52 116 158
246 247 247 247 241 157 130 164 166 164 128  36  29  45 113 161
246 247 247 246 241 138 139 145 131 109  66  37  33  44 117 162
245 247 247 246 245 228 203 171 145 168 191 131  79  71 128 165
245 245 245 245 246 245 244 245 244 243 233 151 103  92 136 167
244 245 245 246 246 245 244 244 244 240 226 183 171 171 189 200
245 247 246 247 247 246 243 231 220 167  91 115 142 160 179 194
246 247 247 247 230 205 201 191 151 149  58  43  68 139 174 187
245 248 248 248 224 156 187 180 120 133  63  39  60 131 173 186
247 248 248 250 233 187 204 174 106 113  72  37  54 117 167 186
246 247 249 250 234 184 196 182 127 135  85  37  47 106 162 193
246 247 248 250 237 192 199 191 110 114  94  36  41  97 159 191
246 247 248 248 233 180 197 182 112 119  87  34  37  92 157 184
244 246 247 247 233 174 179 195 130 126 110  34  35  83 152 179
245 246 246 247 234 172 181 176 109  99  90  34  33  70 139 167
246 246 248 247 237 171 167 181 130 120 119  33  32  59 125 160
247 248 249 246 239 174 156 168 106  96  96  35  31  52 116 158
246 247 247 247 241 157 130 164 166 164 128  36  29  45 113 161
246 247 247 246 241 138 139 145 131 109  66  37  33  44 117 162
245 247 247 246 245 228 203 171 145 168 191 131  79  71 128 165
245 245 245 245 246 245 244 245 244 243 233 151 103  92 136 167

199 193 186 185 185 192 190 183 178 166 159 157 160 161 164 166
188 179 174 172 166 160 158 155 150 138 123 114 112 116 127 135
171 158 137 129 114 104  95  90  81  68  58  50  44  43  70  92
170 140  66  58  52  46  40  36  33  33  31  30  29  33  79 103
183 112  42  38  37  36  35  34  34  34  33  35  36  37 133 153
225  89  60  65  73  86  95  87 111  90 118  97 128  66 192 233
240 168 148 134 111 134 113 118 125  98 118  96 163 106 171 243
244 219 149 121 106 129 111 112 131 110 130 108 167 128 150 243
244 230 191 181 174 184 192 183 195 177 181 169 163 143 175 244
244 242 200 187 204 195 198 196 178 180 166 155 129 138 205 244
245 246 203 156 186 183 191 179 174 172 172 175 157 139 229 245
245 247 230 226 233 235 237 234 233 234 237 239 241 241 244 245
246 246 246 247 249 249 249 248 246 246 247 246 246 245 245 244
245 246 246 247 248 248 248 248 246 246 247 249 246 246 246 245
245 246 247 247 248 247 246 246 245 246 246 248 247 247 246 245
244 245 246 245 246 246 246 246 243 245 245 246 246 245 245 245
199 193 186 185 185 192 190 183 178 166 159 157 160 161 164 166
188 179 174 172 166 160 158 155 150 138 123 114 112 116 127 135
171 158 137 129 114 104  95  90  81  68  58  50  44  43  70  92
170 140  66  58  52  46  40  36  33  33  31  30  29  33  79 103
183 112  42  38  37  36  35  34  34  34  33  35  36  37 133 153
225  89  60  65  73  86  95  87 111  90 118  97 128  66 192 233
240 168 148 134 111 134 113 118 125  98 118  96 163 106 171 243
244 219 149 121 106 129 111 112 131 110 130 108 167 128 150 243
244 230 191 181 174 184 192 183 195 177 181 169 163 143 175 244
244 242 200 187 204 195 198 196 178 180 166 155 129 138 205 244
245 246 203 156 186 183 191 179 174 172 172 175 157 139 229 245
245 247 230 226 233 235 237 234 233 234 237 239 241 241 244 245
246 246 246 247 249 249 249 248 246 246 247 246 246 245 245 244
245 246 246 247 248 248 248 248 246 246 247 249 246 246 246 245
245 246 247 247 248 247 246 246 245 246 246 248 247 247 246 245
244 245 246 245 246 246 246 246 243 245 245 246 246 245 245 245
199 193 186 185 185 192 190 183 178 166 159 157 160 161 164 166
188 179 174 172 166 160 158 155 150 138 123 114 112 116 127 135
171 158 137 129 114 104  95  90  81  68  58  50  44  43  70  92
170 140  66  58  52  46  40  36  33  33  31  30  29  33  79 103
183 112  42  38  37  36  35  34  34  34  33  35  36  37 133 153
225  89  60  65  73  86  95  87 111  90 118  97 128  66 192 233
240 168 148 134 111 134 113 118 125  98 118  96 163 106 171 243
244 219 149 121 106 129 111 112 131 110 130 108 167 128 150 243
244 230 191 181 174 184 192 183 195 177 181 169 163 143 175 244
244 242 200 187 204 195 198 196 178 180 166 155 129 138 205 244
245 246 203 156 186 183 191 179 174 172 172 175 157 139 229 245
245 247 230 226 233 235 237 234 233 234 237 239 241 241 244 245
246 246 246 247 249 249 249 248 246 246 247 246 246 245 245 244
245 246 246 247 248 248 248 248 246 246 247 249 246 246 246 245
245 246 247 247 248 247 246 246 245 246 246 248 247 247 246 245
244 245 246 245 246 246 246 246 243 245 245 246 246 245 245 245

167 136  92 103 151 233 243 244 245 244 245 246 245 245 245 245
165 128  71  79 131 191 168 145 171 203 228 245 246 247 247 245
162 117  44  33  37  66 109 131 145 139 138 241 246 247 247 246
161 113  45  29  36 128 164 166 164 130 157 241 247 247 247 246
158 116  52  31  35  96  96 106 168 156 174 239 246 249 248 247
160 125  59  32  33 119 120 130 181 167 171 237 247 248 246 246
167 139  70  33  34  90  99 109 176 181 172 234 247 246 246 245
179 152  83  35  34 110 126 130 195 179 174 233 247 247 246 244
184 157  92  37  34  87 119 112 182 197 180 233 248 248 247 246
191 159  97  41  36  94 114 110 191 199 192 237 250 248 247 246
193 162 106  47  37  85 135 127 182 196 184 234 250 249 247 246
186 167 117  54  37  72 113 106 174 204 187 233 250 248 248 247
186 173 131  60  39  63 133 120 180 187 156 224 248 248 248 245
187 174 139  68  43  58 149 151 191 201 205 230 247 247 247 246
194 179 160 142 115  91 167 220 231 243 246 247 247 246 247 245
200 189 171 171 183 226 240 244 244 244 245 246 246 245 245 244
167 136  92 103 151 233 243 244 245 244 245 246 245 245 245 245
165 128  71  79 131 191 168 145 171 203 228 245 246 247 247 245
162 117  44  33  37  66 109 131 145 139 138 241 246 247 247 246
161 113  45  29  36 128 164 166 164 130 157 241 247 247 247 246
158 116  52  31  35  96  96 106 168 156 174 239 246 249 248 247
160 125  59  32  33 119 120 130 181 167 171 237 247 248 246 246
167 139  70  33  34  90  99 109 176 181 172 234 247 246 246 245
179 152  83  35  34 110 126 130 195 179 174 233 247 247 246 244
184 157  92  37  34  87 119 112 182 197 180 233 248 248 247 246
191 159  97  41  36  94 114 110 191 199 192 237 250 248 247 246
193 162 106  47  37  85 135 127 182 196 184 234 250 249 247 246
186 167 117  54  37  72 113 106 174 204 187 233 250 248 248 247
186 173 131  60  39  63 133 120 180 187 156 224 248 248 248 245
187 174 139  68  43  58 149 151 191 201 205 230 247 247 247 246
194 179 160 142 115  91 167 220 231 243 246 247 247 246 247 245
200 189 171 171 183 226 240 244 244 244 245 246 246 245 245 244
167 136  92 103 151 233 243 244 245 244 245 246 245 245 245 245
165 128  71  79 131 191 168 145 171 203 228 245 246 247 247 245
162 117  44  33  37  66 109 131 145 139 138 241 246 247 247 246
161 113  45  29  36 128 164 166 164 130 157 241 247 247 247 246
158 116  52  31  35  96  96 106 168 156 174 239 246 249 248 247
160 125  59  32  33 119 120 130 181 167 171 237 247 248 246 246
167 139  70  33  34  90  99 109 176 181 172 234 247 246 246 245
179 152  83  35  34 110 126 130 195 179 174 233 247 247 246 244
184 157  92  37  34  87 119 112 182 197 180 233 248 248 247 246
191 159  97  41  36  94 114 110 191 199 192 237 250 248 247 246
193 162 106  47  37  85 135 127 182 196 184 234 250 249 247 246
186 167 117  54  37  72 113 106 174 204 187 233 250 248 248 247
186 173 131  60  39  63 133 120 180 187 156 224 248 248 248 245
187 174 139  68  43  58 149 151 191 201 205 230 247 247 247 246
194 179 160 142 115  91 167 220 231 243 246 247 247 246 247 245
200 189 171 171 183 226 240 244 244 244 245 246 246 245 245 244
